   2.1031955935676017E-002   8.1147498848618298     
   2.2672448498658748E-002   7.3431230518177824     
   2.4312941061641478E-002   6.6758097921351478     
   2.5953433624624208E-002   6.0929156542237308     
   2.7593926187606938E-002   5.5792957200160540     
   2.9234418750589668E-002   5.1232170638059742     
   3.0874911313572399E-002   4.7154475483410767     
   3.2515403876555125E-002   4.3486210485720633     
   3.4155896439537856E-002   4.0167867040968623     
   3.5796389002520586E-002   3.7150834037141323     
   3.7436881565503316E-002   3.4395010150640388     
   3.9077374128486046E-002   3.1867025887649980     
   4.0717866691468776E-002   2.9538899921187429     
   4.2358359254451507E-002   2.7387008843895888     
   4.3998851817434237E-002   2.5391286256552368     
   4.5639344380416967E-002   2.3534592157876535     
   4.7279836943399697E-002   2.1802210735519854     
   4.8920329506382428E-002   2.0181446431545442     
   5.0560822069365158E-002   1.8661296294145409     
   5.2201314632347888E-002   1.7232182303940196     
   5.3841807195330618E-002   1.5885731372290248     
   5.5482299758313348E-002   1.4614593584762741     
   5.7122792321296079E-002   1.3412291362255786     
   5.8763284884278809E-002   1.2273093773259225     
   6.0403777447261539E-002   1.1191911412222444     
   6.2044270010244269E-002   1.0164208167860851     
   6.3684762573227000E-002  0.91859269142121391     
   6.5325255136209723E-002  0.82534267167417763     
   6.6965747699192446E-002  0.73634295914117232     
   6.8606240262175169E-002  0.65129752121187323     
   7.0246732825157893E-002  0.56993822503155123     
   7.1887225388140616E-002  0.49202152643054831     
   7.3527717951123339E-002  0.41732562456882416     
   7.5168210514106062E-002  0.34564800853199706     
   7.6808703077088786E-002  0.27680333477264263     
   7.8449195640071509E-002  0.21062158465571201     
   8.0089688203054232E-002  0.14694645987148469     
   8.1730180766036956E-002   8.5633980471044424E-002
   8.3370673329019679E-002   2.6551256037893545E-002
   8.5011165892002402E-002  -3.0424594738146737E-002
   8.6651658454985125E-002  -8.5407396888104614E-002
   8.8292151017967849E-002 -0.13850276193830524     
   8.9932643580950572E-002 -0.18980883547271166     
   9.1573136143933295E-002 -0.23941696207135887     
   9.3213628706916019E-002 -0.28741227833344052     
   9.4854121269898742E-002 -0.33387424312102798     
   9.6494613832881465E-002 -0.37887711284053971     
   9.8135106395864188E-002 -0.42249036846994503     
   9.9775598958846912E-002 -0.46477910010472812     
  0.10141609152182963      -0.50580435400493240     
  0.10305658408481236      -0.54562344645573813     
  0.10469707664779508      -0.58429024818423958     
  0.10633756921077780      -0.62185544258979952     
  0.10797806177376053      -0.65836676063037913     
  0.10961855433674325      -0.69386919485174303     
  0.11125904689972597      -0.72840519474095000     
  0.11289953946270870      -0.76201484532234787     
  0.11454003202569142      -0.79473603068692089     
  0.11618052458867414      -0.82660458394897596     
  0.11782101715165687      -0.85765442495316169     
  0.11946150971463959      -0.88791768690606432     
  0.12110200227762231      -0.91742483297672717     
  0.12274249484060504      -0.94620476379695351     
  0.12438298740358776      -0.97428491669264083     
  0.12602347996657048       -1.0016913573899489     
  0.12766397252955322       -1.0284488648631180     
  0.12930446509253596       -1.0545810099226829     
  0.13094495765551870       -1.0801102280828192     
  0.13258545021850143       -1.1050578871932424     
  0.13422594278148417       -1.1294443502737792     
  0.13586643534446691       -1.1532890339476971     
  0.13750692790744964       -1.1766104628323606     
  0.13914742047043238       -1.1994263202123321     
  0.14078791303341512       -1.2217534952900788     
  0.14242840559639786       -1.2436081272826662     
  0.14406889815938059       -1.2650056466087212     
  0.14570939072236333       -1.2859608133883675     
  0.14734988328534607       -1.3064877534593391     
  0.14899037584832880       -1.3265999920949714     
  0.15063086841131154       -1.3463104855939103     
  0.15227136097429428       -1.3656316508971007     
  0.15391185353727702       -1.3845753933746279     
  0.15555234610025975       -1.4031531329132929     
  0.15719283866324249       -1.4213758284251110     
  0.15883333122622523       -1.4392540008872925     
  0.16047382378920796       -1.4567977550154216     
  0.16211431635219070       -1.4740167996635822     
  0.16375480891517344       -1.4909204670378338     
  0.16539530147815618       -1.5075177308028325     
  0.16703579404113891       -1.5238172231552243     
  0.16867628660412165       -1.5398272509319648     
  0.17031677916710439       -1.5555558108165597     
  0.17195727173008712       -1.5710106037015636     
  0.17359776429306986       -1.5861990482614248     
  0.17523825685605260       -1.6011282937857994     
  0.17687874941903534       -1.6158052323198726     
  0.17851924198201807       -1.6302365101548943     
  0.18015973454500081       -1.6444285387090902     
  0.18180022710798355       -1.6583875048362922     
  0.18344071967096628       -1.6721193805970445     
  0.18508121223394902       -1.6856299325245465     
  0.18672170479693176       -1.6989247304155932     
  0.18836219735991450       -1.7120091556746289     
  0.19000268992289723       -1.7248884092371477     
  0.19164318248587997       -1.7375675190969204     
  0.19328367504886271       -1.7500513474599515     
  0.19492416761184544       -1.7623445975465075     
  0.19656466017482818       -1.7744518200612394     
  0.19820515273781092       -1.7863774193500954     
  0.19984564530079366       -1.7981256592615393     
  0.20148613786377639       -1.8097006687284747     
  0.20312663042675913       -1.8211064470862692     
  0.20476712298974187       -1.8323468691412588     
  0.20640761555272460       -1.8434256900033033     
  0.20804810811570734       -1.8543465496950438     
  0.20968860067869008       -1.8651129775498241     
  0.21132909324167282       -1.8757283964094467     
  0.21296958580465555       -1.8861961266323046     
  0.21461007836763829       -1.8965193899217989     
  0.21625057093062103       -1.9067013129843424     
  0.21789106349360376       -1.9167449310257361     
  0.21953155605658650       -1.9266531910941573     
  0.22117204861956924       -1.9364289552775702     
  0.22281254118255198       -1.9460750037628540     
  0.22445303374553471       -1.9555940377636043     
  0.22609352630851745       -1.9649886823230971     
  0.22773401887150019       -1.9742614889986010     
  0.22937451143448293       -1.9834149384328250     
  0.23101500399746566       -1.9924514428180164     
  0.23265549656044840       -2.0013733482578751     
  0.23429598912343114       -2.0101829370322033     
  0.23593648168641387       -2.0188824297689196     
  0.23757697424939661       -2.0274739875278298     
  0.23921746681237935       -2.0359597138002989     
  0.24085795937536209       -2.0443416564287649     
  0.24249845193834482       -2.0526218094497941     
  0.24413894450132756       -2.0608021148642433     
  0.24577943706431030       -2.0688844643378212     
  0.24741992962729303       -2.0768707008352658     
  0.24906042219027577       -2.0847626201910945     
  0.25070091475325851       -2.0925619726198259     
  0.25234140731624122       -2.1002704641683394     
  0.25398189987922393       -2.1078897581129556     
  0.25562239244220664       -2.1154214763036858     
  0.25726288500518935       -2.1228672004579487     
  0.25890337756817206       -2.1302284734059707     
  0.26054387013115476       -2.1375068002899513     
  0.26218436269413747       -2.1447036497189957     
  0.26382485525712018       -2.1518204548816975     
  0.26546534782010289       -2.1588586146181719     
  0.26710584038308560       -2.1658194944532640     
  0.26874633294606831       -2.1727044275925613     
  0.27038682550905102       -2.1795147158827355     
  0.27202731807203373       -2.1862516307377531     
  0.27366781063501644       -2.1929164140323061     
  0.27530830319799915       -2.1995102789638423     
  0.27694879576098186       -2.2060344108844605     
  0.27858928832396457       -2.2124899681039061     
  0.28022978088694728       -2.2188780826648244     
  0.28187027344992999       -2.2251998610913750     
  0.28351076601291270       -2.2314563851123026     
  0.28515125857589541       -2.2376487123594315     
  0.28679175113887811       -2.2437778770425911     
  0.28843224370186082       -2.2498448906018846     
  0.29007273626484353       -2.2558507423381648     
  0.29171322882782624       -2.2617964000226034     
  0.29335372139080895       -2.2676828104861131     
  0.29499421395379166       -2.2735109001894371     
  0.29663470651677437       -2.2792815757746152     
  0.29827519907975708       -2.2849957245985424     
  0.29991569164273979       -2.2906542152493001     
  0.30155618420572250       -2.2962578980459023     
  0.30319667676870521       -2.3018076055220789     
  0.30483716933168792       -2.3073041528946749     
  0.30647766189467063       -2.3127483385172636     
  0.30811815445765334       -2.3181409443194809     
  0.30975864702063605       -2.3234827362326351     
  0.31139913958361876       -2.3287744646020725     
  0.31303963214660147       -2.3340168645867729     
  0.31468012470958417       -2.3392106565466664     
  0.31632061727256688       -2.3443565464180649     
  0.31796110983554959       -2.3494552260776667     
  0.31960160239853230       -2.3545073736955366     
  0.32124209496151501       -2.3595136540774271     
  0.32288258752449772       -2.3644747189968380     
  0.32452308008748043       -2.3693912075171624     
  0.32616357265046314       -2.3742637463042664     
  0.32780406521344585       -2.3790929499298317     
  0.32944455777642856       -2.3838794211657750     
  0.33108505033941127       -2.3886237512700701     
  0.33272554290239398       -2.3933265202642193     
  0.33436603546537669       -2.3979882972027191     
  0.33600652802835940       -2.4026096404347399     
  0.33764702059134211       -2.4071910978582980     
  0.33928751315432482       -2.4117332071671900     
  0.34092800571730753       -2.4162364960908880     
  0.34256849828029023       -2.4207014826276687     
  0.34420899084327294       -2.4251286752711829     
  0.34584948340625565       -2.4295185732306712     
  0.34748997596923836       -2.4338716666450546     
  0.34913046853222107       -2.4381884367910720     
  0.35077096109520378       -2.4424693562856934     
  0.35241145365818649       -2.4467148892829487     
  0.35405194622116920       -2.4509254916653855     
  0.35569243878415191       -2.4551016112303161     
  0.35733293134713462       -2.4592436878710187     
  0.35897342391011733       -2.4633521537530374     
  0.36061391647310004       -2.4674274334857724     
  0.36225440903608275       -2.4714699442894630     
  0.36389490159906546       -2.4754800961577454     
  0.36553539416204817       -2.4794582920158916     
  0.36717588672503088       -2.4834049278748886     
  0.36881637928801358       -2.4873203929814638     
  0.37045687185099629       -2.4912050699642005     
  0.37209736441397900       -2.4950593349758456     
  0.37373785697696171       -2.4988835578319351     
  0.37537834953994442       -2.5026781021458424     
  0.37701884210292713       -2.5064433254603693     
  0.37865933466590984       -2.5101795793759649     
  0.38029982722889255       -2.5138872096756861     
  0.38194031979187526       -2.5175665564469893     
  0.38358081235485797       -2.5212179542004596     
  0.38522130491784068       -2.5248417319855463     
  0.38686179748082339       -2.5284382135034114     
  0.38850229004380610       -2.5320077172169673     
  0.39014278260678881       -2.5355505564581824     
  0.39178327516977152       -2.5390670395327470     
  0.39342376773275423       -2.5425574698221496     
  0.39506426029573694       -2.5460221458832812     
  0.39670475285871964       -2.5494613615455739     
  0.39834524542170235       -2.5528754060058185     
  0.39998573798468506       -2.5562645639206716     
  0.40162623054766777       -2.5596291154969286     
  0.40326672311065048       -2.5629693365796502     
  0.40490721567363319       -2.5662854987381776     
  0.40654770823661590       -2.5695778693500912     
  0.40818820079959861       -2.5728467116832014     
  0.40982869336258132       -2.5760922849755898     
  0.41146918592556403       -2.5793148445137737     
  0.41310967848854674       -2.5825146417090474     
  0.41475017105152945       -2.5856919241720417     
  0.41639066361451216       -2.5888469357855448     
  0.41803115617749487       -2.5919799167756596     
  0.41967164874047758       -2.5950911037812956     
  0.42131214130346029       -2.5981807299220958     
  0.42295263386644300       -2.6012490248647904     
  0.42459312642942570       -2.6042962148880466     
  0.42623361899240841       -2.6073225229458599     
  0.42787411155539112       -2.6103281687294970     
  0.42951460411837383       -2.6133133687280581     
  0.43115509668135654       -2.6162783362876736     
  0.43279558924433925       -2.6192232816693926     
  0.43443608180732196       -2.6221484121057692     
  0.43607657437030467       -2.6250539318562072     
  0.43771706693328738       -2.6279400422610819     
  0.43935755949627009       -2.6308069417946660     
  0.44099805205925280       -2.6336548261169055     
  0.44263854462223551       -2.6364838881240620     
  0.44427903718521822       -2.6392943179982544     
  0.44591952974820093       -2.6420863032559319     
  0.44756002231118364       -2.6448600287952981     
  0.44920051487416635       -2.6476156769427130     
  0.45084100743714906       -2.6503534274981160     
  0.45248150000013176       -2.6530734577794588     
  0.45412199256311447       -2.6557759426662146     
  0.45576248512609718       -2.6584610546419531     
  0.45740297768907989       -2.6611289638360267     
  0.45904347025206260       -2.6637798380643662     
  0.46068396281504531       -2.6664138428694431     
  0.46232445537802802       -2.6690311415593833     
  0.46396494794101073       -2.6716318952462665     
  0.46560544050399344       -2.6742162628836477     
  0.46724593306697615       -2.6767844013032827     
  0.46888642562995886       -2.6793364652511191     
  0.47052691819294157       -2.6818726074225330     
  0.47216741075592428       -2.6843929784968621     
  0.47380790331890699       -2.6868977271712216     
  0.47544839588188970       -2.6893870001936406     
  0.47708888844487241       -2.6918609423955329     
  0.47872938100785511       -2.6943196967235070     
  0.48036987357083782       -2.6967634042705413     
  0.48201036613382053       -2.6991922043065384     
  0.48365085869680324       -2.7016062343082705     
  0.48529135125978595       -2.7040056299887159     
  0.48693184382276866       -2.7063905253258458     
  0.48857233638575137       -2.7087610525908041     
  0.49021282894873408       -2.7111173423755739     
  0.49185332151171679       -2.7134595236200663     
  0.49349381407469950       -2.7157877236387069     
  0.49513430663768221       -2.7181020681464920     
  0.49677479920066492       -2.7204026812845377     
  0.49841529176364763       -2.7226896856451481     
  0.50005578432663034       -2.7249632022963892     
  0.50169627688961305       -2.7272233508061934     
  0.50333676945259576       -2.7294702492660066     
  0.50497726201557847       -2.7317040143139817     
  0.50661775457856117       -2.7339247611577346     
  0.50825824714154388       -2.7361326035966611     
  0.50989873970452659       -2.7383276540438439     
  0.51153923226750930       -2.7405100235475377     
  0.51317972483049201       -2.7426798218122599     
  0.51482021739347472       -2.7448371572194761     
  0.51646070995645743       -2.7469821368479179     
  0.51810120251944014       -2.7491148664934970     
  0.51974169508242285       -2.7512354506888781     
  0.52138218764540556       -2.7533439927226762     
  0.52302268020838827       -2.7554405946583014     
  0.52466317277137098       -2.7575253573524581     
  0.52630366533435369       -2.7595983804733129     
  0.52794415789733640       -2.7616597625183270     
  0.52958465046031911       -2.7637096008317572     
  0.53122514302330182       -2.7657479916218564     
  0.53286563558628453       -2.7677750299777486     
  0.53450612814926723       -2.7697908098860147     
  0.53614662071224994       -2.7717954242469607     
  0.53778711327523265       -2.7737889648906209     
  0.53942760583821536       -2.7757715225924500     
  0.54106809840119807       -2.7777431870887606     
  0.54270859096418078       -2.7797040470918661     
  0.54434908352716349       -2.7816541903049719     
  0.54598957609014620       -2.7835937034367921     
  0.54763006865312891       -2.7855226722159281     
  0.54927056121611162       -2.7874411814049673     
  0.55091105377909433       -2.7893493148143658     
  0.55255154634207704       -2.7912471553160714     
  0.55419203890505975       -2.7931347848569148     
  0.55583253146804246       -2.7950122844717713     
  0.55747302403102517       -2.7968797342964926     
  0.55911351659400788       -2.7987372135806208     
  0.56075400915699058       -2.8005848006998821     
  0.56239450171997329       -2.8024225731684682     
  0.56403499428295600       -2.8042506076511016     
  0.56567548684593871       -2.8060689799749112     
  0.56731597940892142       -2.8078777651410922     
  0.56895647197190413       -2.8096770373363800     
  0.57059696453488684       -2.8114668699443186     
  0.57223745709786955       -2.8132473355563583     
  0.57387794966085226       -2.8150185059827466     
  0.57551844222383497       -2.8167804522632567     
  0.57715893478681768       -2.8185332446777256     
  0.57879942734980039       -2.8202769527564198     
  0.58043991991278310       -2.8220116452902317     
  0.58208041247576581       -2.8237373903407104     
  0.58372090503874852       -2.8254542552499204     
  0.58536139760173123       -2.8271623066501448     
  0.58700189016471394       -2.8288616104734277     
  0.58864238272769664       -2.8305522319609615     
  0.59028287529067935       -2.8322342356723191     
  0.59192336785366206       -2.8339076854945446     
  0.59356386041664477       -2.8355726446510880     
  0.59520435297962748       -2.8372291757105970     
  0.59684484554261019       -2.8388773405955776     
  0.59848533810559290       -2.8405172005909014     
  0.60012583066857561       -2.8421488163521884     
  0.60176632323155832       -2.8437722479140497     
  0.60340681579454103       -2.8453875546982026     
  0.60504730835752374       -2.8469947955214590     
  0.60668780092050645       -2.8485940286035798     
  0.60832829348348916       -2.8501853115750135     
  0.60996878604647187       -2.8517687014845121     
  0.61160927860945458       -2.8533442548066201     
  0.61324977117243729       -2.8549120274490614     
  0.61489026373542000       -2.8564720747599939     
  0.61653075629840270       -2.8580244515351638     
  0.61817124886138541       -2.8595692120249421     
  0.61981174142436812       -2.8611064099412618     
  0.62145223398735083       -2.8626360984644315     
  0.62309272655033354       -2.8641583302498645     
  0.62473321911331625       -2.8656731574346859     
  0.62637371167629896       -2.8671806316442563     
  0.62801420423928167       -2.8686808039985792     
  0.62965469680226438       -2.8701737251186223     
  0.63129518936524709       -2.8716594451325417     
  0.63293568192822980       -2.8731380136818059     
  0.63457617449121251       -2.8746094799272370     
  0.63621666705419522       -2.8760738925549463     
  0.63785715961717793       -2.8775312997822029     
  0.63949765218016064       -2.8789817493631871     
  0.64113814474314335       -2.8804252885946902     
  0.64277863730612605       -2.8818619643216916     
  0.64441912986910876       -2.8832918229428888     
  0.64605962243209147       -2.8847149104161245     
  0.64770011499507418       -2.8861312722637358     
  0.64934060755805689       -2.8875409535778358     
  0.65098110012103960       -2.8889439990255017     
  0.65262159268402231       -2.8903404528539003     
  0.65426208524700502       -2.8917303588953303     
  0.65590257780998773       -2.8931137605721950     
  0.65754307037297044       -2.8944907009019003     
  0.65918356293595315       -2.8958612225016873     
  0.66082405549893586       -2.8972253675933839     
  0.66246454806191857       -2.8985831780080975     
  0.66410504062490128       -2.8999346951908453     
  0.66574553318788399       -2.9012799602050929     
  0.66738602575086670       -2.9026190137372652     
  0.66902651831384941       -2.9039518961011535     
  0.67066701087683211       -2.9052786472422927     
  0.67230750343981482       -2.9065993067422609     
  0.67394799600279753       -2.9079139138229113     
  0.67558848856578024       -2.9092225073505631     
  0.67722898112876295       -2.9105251258401159     
  0.67886947369174566       -2.9118218074591189     
  0.68050996625472837       -2.9131125900317709     
  0.68215045881771108       -2.9143975110428784     
  0.68379095138069379       -2.9156766076417409     
  0.68543144394367650       -2.9169499166460042     
  0.68707193650665921       -2.9182174745454379     
  0.68871242906964192       -2.9194793175056724     
  0.69035292163262463       -2.9207354813718895     
  0.69199341419560734       -2.9219860016724430     
  0.69363390675859005       -2.9232309136224552     
  0.69527439932157276       -2.9244702521273345     
  0.69691489188455547       -2.9257040517862745     
  0.69855538444753817       -2.9269323468956854     
  0.70019587701052088       -2.9281551714525831     
  0.70183636957350359       -2.9293725591579340     
  0.70347686213648630       -2.9305845434199602     
  0.70511735469946901       -2.9317911573573845     
  0.70675784726245172       -2.9329924338026512     
  0.70839833982543443       -2.9341884053050817     
  0.71003883238841714       -2.9353791041340100     
  0.71167932495139985       -2.9365645622818590     
  0.71331981751438256       -2.9377448114671854     
  0.71496031007736527       -2.9389198831376762     
  0.71660080264034798       -2.9400898084731164     
  0.71824129520333069       -2.9412546183883048     
  0.71988178776631340       -2.9424143435359440     
  0.72152228032929611       -2.9435690143094755     
  0.72316277289227882       -2.9447186608458980     
  0.72480326545526153       -2.9458633130285268     
  0.72644375801824423       -2.9470030004897367     
  0.72808425058122694       -2.9481377526136612     
  0.72972474314420965       -2.9492675985388459     
  0.73136523570719236       -2.9503925671608853     
  0.73300572827017507       -2.9515126871350157     
  0.73464622083315778       -2.9526279868786744     
  0.73628671339614049       -2.9537384945740257     
  0.73792720595912320       -2.9548442381704607     
  0.73956769852210591       -2.9559452453870527     
  0.74120819108508862       -2.9570415437149959     
  0.74284868364807133       -2.9581331604199992     
  0.74448917621105404       -2.9592201225446617     
  0.74612966877403675       -2.9603024569108056     
  0.74777016133701946       -2.9613801901217833     
  0.74941065390000217       -2.9624533485647646     
  0.75105114646298488       -2.9635219584129873     
  0.75269163902596758       -2.9645860456279731     
  0.75433213158895029       -2.9656456359617245     
  0.75597262415193300       -2.9667007549588913     
  0.75761311671491571       -2.9677514279589179     
  0.75925360927789842       -2.9687976800981382     
  0.76089410184088113       -2.9698395363118815     
  0.76253459440386384       -2.9708770213365208     
  0.76417508696684655       -2.9719101597115074     
  0.76581557952982926       -2.9729389757813856     
  0.76745607209281197       -2.9739634936977746     
  0.76909656465579468       -2.9749837374213257     
  0.77073705721877739       -2.9759997307236592     
  0.77237754978176010       -2.9770114971892800     
  0.77401804234474281       -2.9780190602174601     
  0.77565853490772552       -2.9790224430241077     
  0.77729902747070823       -2.9800216686436052     
  0.77893952003369094       -2.9810167599306325     
  0.78058001259667364       -2.9820077395619640     
  0.78222050515965635       -2.9829946300382426     
  0.78386099772263906       -2.9839774536857337     
  0.78550149028562177       -2.9849562326580639     
  0.78714198284860448       -2.9859309889379215     
  0.78878247541158719       -2.9869017443387600     
  0.79042296797456990       -2.9878685205064581     
  0.79206346053755261       -2.9888313389209813     
  0.79370395310053532       -2.9897902208980049     
  0.79534444566351803       -2.9907451875905284     
  0.79698493822650074       -2.9916962599904675     
  0.79862543078948345       -2.9926434589302264     
  0.80026592335246616       -2.9935868050842593     
  0.80190641591544887       -2.9945263189705971     
  0.80354690847843158       -2.9954620209523650     
  0.80518740104141429       -2.9963939312393002     
  0.80682789360439700       -2.9973220698892105     
  0.80846838616737970       -2.9982464568094533     
  0.81010887873036241       -2.9991671117583856     
  0.81174937129334512       -3.0000840543467842     
  0.81338986385632783       -3.0009973040392683     
  0.81503035641931054       -3.0019068801556950     
  0.81667084898229325       -3.0028128018725422     
  0.81831134154527596       -3.0037150882242702     
  0.81995183410825867       -3.0046137581046750     
  0.82159232667124138       -3.0055088302682194     
  0.82323281923422409       -3.0064003233313601     
  0.82487331179720680       -3.0072882557738341     
  0.82651380436018951       -3.0081726459399665     
  0.82815429692317222       -3.0090535120399329     
  0.82979478948615493       -3.0099308721510170     
  0.83143528204913764       -3.0108047442188663     
  0.83307577461212035       -3.0116751460587103     
  0.83471626717510305       -3.0125420953565865     
  0.83635675973808576       -3.0134056096705351     
  0.83799725230106847       -3.0142657064317984     
  0.84127823742704066       -3.0159757163942444     
